1,1162
2,1105
3,1035
4,1076
5,1170
6,1064
7,1011
8,1055
9,1171
10,1184
11,1042
12,1124
13,1150
14,1164
15,1218
16,1120
17,1210
18,1115
19,1079
20,1168
21,1228
22,1093
23,1194
24,1137
25,1138
26,1120
27,1077
28,1004
29,1176
30,1015
31,1103
32,1201
33,1146
34,1005
35,1230
36,1096
37,1244
38,1011
39,1022
40,1127
41,1168
42,1166
43,1108
44,1140
45,1102
46,1022
47,1114
48,1014
49,1252
50,1168
51,1017
52,1074
53,1236
54,1142
55,1193
56,1129
57,1234
58,1101
59,1086
60,1071
61,1079
62,1010
63,1014
64,1198
65,1179
66,1099
67,1024
68,1041
69,1212
70,1102
71,1080
72,1193
73,1101
74,1157
75,1196
76,1239
77,1006
78,1018
79,1139
80,1101
81,1062
82,1077
83,1149
84,1188
85,1013
86,1026
87,1196
88,1048
89,1007
90,1071
91,1170
92,1099
93,1031
94,1203
95,1241
96,1045
97,1048
98,1161
99,1225
100,1227
101,1010
102,1122
103,1003
104,1080
105,1111
106,1149
107,1212
108,1029
109,1156
110,1021
111,1156
112,1111
113,1047
114,1132
115,1081
116,1169
117,1244
118,1247
119,1253
120,1083
121,1141
122,1137
123,1228
124,1232
125,1213
126,1139
127,1108
128,1097
129,1086
130,1202
131,1019
132,1028
133,1233
134,1255
135,1070
136,1245
137,1174
138,1154
139,1186
140,1145
141,1102
142,1117
143,1037
144,1157
145,1050
146,1177
147,1118
148,1099
149,1252
150,1158
151,1091
152,1212
153,1115
154,1030
155,1215
156,1012
157,1248
158,1160
159,1234
160,1142
161,1155
162,1030
163,1160
164,1171
165,1093
166,1003
167,1011
168,1038
169,1186
170,1228
171,1200
172,1240
173,1197
174,1098
175,1115
176,1213
177,1217
178,1176
179,1081
180,1058
181,1132
182,1104
183,1230
184,1124
185,1253
186,1216
187,1202
188,1244
189,1248
190,1096
191,1179
192,1232
193,1235
194,1249
195,1076
196,1212
197,1174
198,1066
199,1079
200,1047
201,1172
202,1228
203,1043
204,1038
205,1182
206,1244
207,1030
208,1028
209,1238
210,1134
211,1192
212,1072
213,1214
214,1040
215,1255
216,1090
217,1031
218,1031
219,1173
220,1012
221,1121
222,1119
223,1017
224,1064
225,1045
226,1053
227,1245
228,1211
229,1012
230,1034
231,1015
232,1116
233,1061
234,1014
235,1118
236,1140
237,1030
238,1253
239,1252
240,1021
241,1070
242,1173
243,1203
244,1212
245,1195
246,1110
247,1109
248,1086
249,1109
250,1167
251,1022
252,1100
253,1095
254,1239
255,1014
256,1073
257,1166
258,1136
259,1207
260,1225
261,1022
262,1228
263,1208
264,1026
265,1101
266,1056
267,1138
268,1131
269,1235
270,1070
271,1152
272,1121
273,1155
274,1134
275,1176
276,1200
277,1151
278,1044
279,1176
280,1131
281,1080
282,1011
283,1073
284,1141
285,1131
286,1224
287,1201
288,1088
289,1033
290,1011
291,1105
292,1013
293,1161
294,1254
295,1212
296,1212
297,1223
298,1149
299,1116
300,1067
301,1115
302,1155
303,1215
304,1252
305,1074
306,1156
307,1086
308,1179
309,1076
310,1014
311,1001
312,1197
313,1049
314,1037
315,1251
316,1191
317,1112
318,1158
319,1220
320,1021
321,1153
322,1088
323,1230
324,1004
325,1171
326,1075
327,1216
328,1038
329,1046
330,1108
331,1185
332,1020
333,1009
334,1102
335,1055
336,1255
337,1050
338,1020
339,1083
340,1202
341,1145
342,1014
343,1030
344,1165
345,1088
346,1234
347,1127
348,1170
349,1144
350,1080
351,1107
352,1200
353,1003
354,1131
355,1126
356,1194
357,1086
358,1018
359,1231
360,1053
361,1063
362,1075
363,1101
364,1172
365,1246
366,1210
367,1111
368,1164
369,1252
370,1025
371,1196
372,1239
373,1188
374,1211
375,1250
376,1207
377,1201
378,1046
379,1242
380,1089
381,1149
382,1089
383,1020
384,1073
385,1178
386,1253
387,1017
388,1207
389,1080
390,1200
391,1102
392,1103
393,1153
394,1190
395,1096
396,1042
397,1087
398,1150
399,1144
400,1166
401,1240
402,1199
403,1024
404,1046
405,1116
406,1193
407,1075
408,1016
409,1077
410,1234
411,1066
412,1085
413,1118
414,1091
415,1116
416,1216
417,1084
418,1056
419,1045
420,1106
421,1240
422,1032
423,1104
424,1013
425,1044
426,1243
427,1222
428,1077
429,1048
430,1182
431,1214
432,1200
433,1248
434,1208
435,1133
436,1123
437,1056
438,1051
439,1180
440,1236
441,1181
442,1110
443,1194
444,1081
445,1183
446,1067
447,1052
448,1147
449,1109
450,1142
451,1016
452,1225
453,1115
454,1047
455,1101
456,1136
457,1051
458,1145
459,1136
460,1080
461,1037
462,1092
463,1026
464,1149
465,1027
466,1181
467,1039
468,1210
469,1124
470,1169
471,1020
472,1131
473,1216
474,1194
475,1213
476,1003
477,1188
478,1019
479,1134
480,1250
481,1031
482,1225
483,1196
484,1168
485,1040
486,1214
487,1237
488,1254
489,1179
490,1012
491,1153
492,1062
493,1085
494,1153
495,1177
496,1033
497,1138
498,1153
499,1128
500,1131
501,1063
502,1239
503,1064
504,1036
505,1238
506,1202
507,1108
508,1025
509,1003
510,1238
511,1098
512,1218
513,1230
514,1209
515,1022
516,1017
517,1051
518,1172
519,1151
520,1105
521,1178
522,1109
523,1197
524,1249
525,1097
526,1057
527,1250
528,1197
529,1079
530,1004
531,1102
532,1135
533,1243
534,1225
535,1042
536,1079
537,1122
538,1210
539,1089
540,1028
541,1026
542,1228
543,1224
544,1226
545,1034
546,1047
547,1037
548,1075
549,1017
550,1211
551,1144
552,1144
553,1229
554,1007
555,1137
556,1106
557,1211
558,1253
559,1029
560,1081
561,1136
562,1109
563,1214
564,1024
565,1166
566,1202
567,1204
568,1213
569,1126
570,1169
571,1096
572,1093
573,1230
574,1234
575,1250
576,1228
577,1211
578,1208
579,1138
580,1029
581,1065
582,1223
583,1106
584,1157
585,1158
586,1188
587,1095
588,1199
589,1114
590,1158
591,1017
592,1041
593,1040
594,1239
595,1192
596,1016
597,1174
598,1227
599,1161
600,1056
601,1252
602,1250
603,1140
604,1123
605,1029
606,1118
607,1123
608,1198
609,1221
610,1184
611,1049
612,1188
613,1145
614,1144
615,1167
616,1043
617,1157
618,1034
619,1235
620,1097
621,1013
622,1171
623,1194
624,1187
625,1218
626,1146
627,1131
628,1046
629,1074
630,1143
631,1248
632,1234
633,1039
634,1147
635,1123
636,1073
637,1125
638,1109
639,1049
640,1106
641,1255
642,1151
643,1171
644,1047
645,1126
646,1093
647,1188
648,1235
649,1156
650,1205
651,1192
652,1147
653,1030
654,1047
655,1223
656,1167
657,1160
658,1222
659,1001
660,1030
661,1114
662,1045
663,1071
664,1146
665,1250
666,1012
667,1223
668,1255
669,1065
670,1186
671,1088
672,1173
673,1018
674,1131
675,1041
676,1250
677,1079
678,1106
679,1043
680,1143
681,1153
682,1154
683,1016
684,1031
685,1125
686,1234
687,1255
688,1202
689,1048
690,1243
691,1069
692,1063
693,1193
694,1252
695,1103
696,1109
697,1168
698,1173
699,1135
700,1218
701,1184
702,1139
703,1008
704,1156
705,1139
706,1121
707,1211
708,1116
709,1117
710,1180
711,1243
712,1203
713,1058
714,1005
715,1176
716,1028
717,1062
718,1145
719,1202
720,1201
721,1136
722,1219
723,1177
724,1256
725,1255
726,1004
727,1229
728,1182
729,1244
730,1197
731,1243
732,1130
733,1203
734,1024
735,1136
736,1097
737,1079
738,1026
739,1127
740,1071
741,1163
742,1162
743,1004
744,1207
745,1127
746,1209
747,1156
748,1195
749,1219
750,1156
751,1144
752,1139
753,1167
754,1069
755,1036
756,1065
757,1017
758,1035
759,1227
760,1034
761,1160
762,1091
763,1173
764,1116
765,1210
766,1154
767,1037
768,1225
769,1120
770,1082
771,1225
772,1021
773,1072
774,1234
775,1047
776,1091
777,1090
778,1253
779,1112
780,1047
781,1201
782,1226
783,1030
784,1171
785,1239
786,1241
787,1150
788,1026
789,1175
790,1035
791,1200
792,1167
793,1016
794,1074
795,1125
796,1007
797,1025
798,1228
799,1110
800,1125
801,1145
802,1222
803,1111
804,1081
805,1196
806,1118
807,1060
808,1192
809,1047
810,1016
811,1087
812,1124
813,1244
814,1250
815,1083
816,1076
817,1051
818,1143
819,1146
820,1118
821,1184
822,1009
823,1124
824,1038
825,1043
826,1157
827,1131
828,1031
829,1219
830,1045
831,1029
832,1110
833,1061
834,1073
835,1113
836,1092
837,1145
838,1235
839,1092
840,1162
841,1245
842,1236
843,1053
844,1015
845,1006
846,1153
847,1132
848,1232
849,1231
850,1223
851,1243
852,1255
853,1093
854,1105
855,1123
856,1172
857,1009
858,1108
859,1198
860,1016
861,1159
862,1255
863,1160
864,1065
865,1217
866,1137
867,1185
868,1219
869,1172
870,1040
871,1101
872,1161
873,1170
874,1122
875,1212
876,1087
877,1226
878,1212
879,1163
880,1032
881,1030
882,1059
883,1229
884,1003
885,1090
886,1121
887,1063
888,1188
889,1059
890,1034
891,1197
892,1108
893,1105
894,1001
895,1071
896,1077
897,1216
898,1191
899,1184
900,1086
901,1182
902,1095
903,1088
904,1001
905,1181
906,1132
907,1093
908,1226
909,1184
910,1242
911,1229
912,1217
913,1046
914,1190
915,1003
916,1043
917,1008
918,1176
919,1176
920,1054
921,1028
922,1044
923,1139
924,1006
925,1168
926,1001
927,1105
928,1006
929,1109
930,1158
931,1234
932,1059
933,1150
934,1063
935,1156
936,1041
937,1179
938,1243
939,1043
940,1068
941,1163
942,1103
943,1163
944,1019
945,1045
946,1183
947,1037
948,1229
949,1166
950,1076
951,1182
952,1199
953,1223
954,1113
955,1062
956,1143
957,1059
958,1015
959,1240
960,1238
961,1139
962,1048
963,1170
964,1169
965,1137
966,1048
967,1152
968,1209
969,1009
970,1223
971,1044
972,1135
973,1160
974,1069
975,1052
976,1098
977,1018
978,1082
979,1072
980,1152
981,1193
982,1144
983,1250
984,1243
985,1066
986,1054
987,1126
988,1051
989,1189
990,1106
991,1094
992,1016
993,1112
994,1172
995,1239
996,1046
997,1025
998,1159
999,1181
1000,1086
1001,1312
1002,1285
1003,1295
1004,1271
1005,1318
1006,1295
1007,1313
1008,1299
1009,1298
1010,1314
1011,1307
1012,1270
1013,1266
1014,1271
1015,1259
1016,1316
1017,1269
1018,1283
1019,1312
1020,1286
1021,1286
1022,1297
1023,1268
1024,1313
1025,1319
1026,1311
1027,1307
1028,1274
1029,1311
1030,1282
1031,1274
1032,1318
1033,1260
1034,1285
1035,1259
1036,1267
1037,1313
1038,1308
1039,1286
1040,1257
1041,1277
1042,1281
1043,1287
1044,1262
1045,1260
1046,1294
1047,1307
1048,1306
1049,1279
1050,1288
1051,1308
1052,1305
1053,1259
1054,1318
1055,1320
1056,1283
1057,1273
1058,1308
1059,1277
1060,1280
1061,1271
1062,1262
1063,1268
1064,1258
1065,1273
1066,1277
1067,1280
1068,1291
1069,1289
1070,1278
1071,1305
1072,1265
1073,1264
1074,1297
1075,1316
1076,1265
1077,1261
1078,1261
1079,1303
1080,1283
1081,1290
1082,1309
1083,1299
1084,1297
1085,1279
1086,1257
1087,1301
1088,1300
1089,1264
1090,1304
1091,1276
1092,1297
1093,1302
1094,1302
1095,1279
1096,1269
1097,1301
1098,1285
1099,1281
1100,1271
1101,1288
1102,1260
1103,1264
1104,1274
1105,1267
1106,1266
1107,1316
1108,1298
1109,1311
1110,1280
1111,1271
1112,1265
1113,1298
1114,1280
1115,1294
1116,1304
1117,1310
1118,1292
1119,1320
1120,1319
1121,1272
1122,1317
1123,1301
1124,1303
1125,1293
1126,1273
1127,1293
1128,1280
1129,1306
1130,1270
1131,1301
1132,1318
1133,1278
1134,1300
1135,1280
1136,1306
1137,1297
1138,1271
1139,1264
1140,1299
1141,1289
1142,1300
1143,1305
1144,1305
1145,1309
1146,1305
1147,1306
1148,1290
1149,1268
1150,1299
1151,1261
1152,1295
1153,1261
1154,1285
1155,1307
1156,1288
1157,1268
1158,1304
1159,1290
1160,1281
1161,1290
1162,1312
1163,1315
1164,1264
1165,1317
1166,1266
1167,1262
1168,1264
1169,1271
1170,1320
1171,1279
1172,1274
1173,1258
1174,1317
1175,1261
1176,1310
1177,1288
1178,1276
1179,1294
1180,1274
1181,1267
1182,1272
1183,1274
1184,1285
1185,1287
1186,1258
1187,1283
1188,1278
1189,1302
1190,1283
1191,1318
1192,1287
1193,1311
1194,1295
1195,1320
1196,1310
1197,1287
1198,1264
1199,1296
1200,1263
1201,1303
1202,1320
1203,1316
1204,1259
1205,1308
1206,1307
1207,1274
1208,1319
1209,1258
1210,1281
1211,1263
1212,1265
1213,1279
1214,1277
1215,1313
1216,1285
1217,1258
1218,1275
1219,1309
1220,1269
1221,1262
1222,1316
1223,1263
1224,1300
1225,1273
1226,1267
1227,1257
1228,1281
1229,1279
1230,1294
1231,1294
1232,1311
1233,1320
1234,1320
1235,1278
1236,1266
1237,1301
1238,1312
1239,1277
1240,1296
1241,1318
1242,1309
1243,1276
1244,1272
1245,1257
1246,1295
1247,1291
1248,1277
1249,1262
1250,1284
1251,1314
1252,1269
1253,1276
1254,1266
1255,1287
1256,1299
1257,1333
1258,1325
1259,1335
1260,1328
1261,1332
1262,1325
1263,1333
1264,1324
1265,1321
1266,1323
1267,1325
1268,1321
1269,1324
1270,1321
1271,1322
1272,1331
1273,1333
1274,1325
1275,1330
1276,1334
1277,1331
1278,1332
1279,1329
1280,1324
1281,1333
1282,1327
1283,1324
1284,1321
1285,1332
1286,1330
1287,1335
1288,1321
1289,1322
1290,1324
1291,1326
1292,1322
1293,1327
1294,1325
1295,1323
1296,1328
1297,1329
1298,1328
1299,1326
1300,1326
1301,1327
1302,1332
1303,1334
1304,1322
1305,1323
1306,1332
1307,1329
1308,1335
1309,1326
1310,1328
1311,1325
1312,1326
1313,1326
1314,1324
1315,1323
1316,1332
1317,1334
1318,1332
1319,1324
1320,1325
1321,1339
1322,1338
1323,1337
1324,1340
1325,1339
1326,1339
1327,1338
1328,1337
1329,1338
1330,1338
1331,1338
1332,1339
1333,1340
1334,1338
1335,1337
1336,1339